0.0000  1.0000  1.0000  1.0000  1.0000  1.0000  1.0000  1.0000  1.0000  1.0000  1.0000  1.0000  1.0000  1.0000  1.0000  1.0000  1.0000  1.0000  1.0000  1.0000  1.0000  1.0000  1.0000  1.0000  1.0000  1.0000  1.0000  1.0000  1.0000  1.0000  1.0000  1.0000  1.0000  1.0000  1.0000  1.0000  1.0000  1.0000  1.0000  1.0000  1.0000  
0.0100  1.0000  1.0000  1.0000  1.0000  1.0000  1.0000  1.0000  1.0000  1.0000  1.0000  1.0000  1.0000  1.0000  1.0000  1.0000  1.0000  1.0000  1.0000  1.0000  1.0000  1.0000  1.0000  1.0000  1.0000  1.0000  1.0000  1.0000  1.0000  1.0000  1.0000  1.0000  1.0000  1.0000  1.0000  1.0000  1.0000  1.0000  1.0000  1.0000  1.0000  
0.0110  0.9635  0.9662  0.9690  0.9714  0.9732  0.9781  0.9777  0.9786  0.9801  0.9816  0.9761  0.9706  0.9762  0.9817  0.9811  0.9842  0.9842  0.9842  0.9868  0.9894  0.9874  0.9876  0.9869  0.9862  0.9891  0.9919  0.9880  0.9922  0.9902  0.9882  0.9920  0.9958  0.9958  0.9958  0.9958  0.9958  0.9958  0.9958  0.9958  0.9958  
0.0160  0.7998  0.8149  0.8300  0.8406  0.8515  0.8781  0.8800  0.8837  0.8905  0.8973  0.8969  0.8965  0.9054  0.9142  0.9204  0.9141  0.9221  0.9301  0.9342  0.9382  0.9378  0.9415  0.9422  0.9429  0.9476  0.9523  0.9463  0.9591  0.9553  0.9516  0.9635  0.9755  0.9755  0.9755  0.9755  0.9755  0.9755  0.9755  0.9755  0.9755  
0.0210  0.6824  0.7028  0.7232  0.7435  0.7621  0.7951  0.7999  0.8191  0.8289  0.8387  0.8424  0.8461  0.8566  0.8670  0.8779  0.8682  0.8793  0.8904  0.8949  0.8995  0.9033  0.9089  0.9109  0.9129  0.9161  0.9194  0.9196  0.9296  0.9277  0.9257  0.9399  0.9541  0.9541  0.9541  0.9541  0.9541  0.9541  0.9541  0.9541  0.9541  
0.0260  0.5879  0.6139  0.6400  0.6721  0.7004  0.7297  0.7405  0.7750  0.7873  0.7996  0.8024  0.8053  0.8202  0.8352  0.8446  0.8439  0.8546  0.8653  0.8704  0.8754  0.8811  0.8841  0.8879  0.8917  0.8953  0.8988  0.8982  0.9055  0.9062  0.9069  0.9197  0.9325  0.9325  0.9325  0.9325  0.9325  0.9325  0.9325  0.9325  0.9325  
0.0310  0.5198  0.5514  0.5830  0.6154  0.6500  0.6794  0.7006  0.7422  0.7556  0.7690  0.7723  0.7756  0.7928  0.8099  0.8188  0.8263  0.8351  0.8439  0.8494  0.8549  0.8622  0.8667  0.8711  0.8756  0.8790  0.8824  0.8821  0.8890  0.8910  0.8929  0.9026  0.9123  0.9123  0.9123  0.9123  0.9123  0.9123  0.9123  0.9123  0.9123  
0.0360  0.4785  0.5086  0.5388  0.5707  0.5993  0.6428  0.6693  0.7145  0.7290  0.7435  0.7490  0.7546  0.7721  0.7896  0.7973  0.8094  0.8176  0.8258  0.8316  0.8374  0.8459  0.8527  0.8577  0.8627  0.8653  0.8680  0.8696  0.8767  0.8796  0.8824  0.8886  0.8947  0.8947  0.8947  0.8947  0.8947  0.8947  0.8947  0.8947  0.8947  
0.0410  0.4392  0.4715  0.5039  0.5337  0.5535  0.6109  0.6434  0.6894  0.7046  0.7198  0.7277  0.7356  0.7542  0.7729  0.7787  0.7941  0.8023  0.8104  0.8165  0.8226  0.8319  0.8408  0.8462  0.8516  0.8535  0.8555  0.8588  0.8670  0.8706  0.8743  0.8779  0.8814  0.8814  0.8814  0.8814  0.8814  0.8814  0.8814  0.8814  0.8814  
0.0460  0.4110  0.4431  0.4751  0.5024  0.5223  0.5831  0.6201  0.6669  0.6821  0.6973  0.7075  0.7178  0.7378  0.7578  0.7634  0.7802  0.7888  0.7975  0.8039  0.8103  0.8198  0.8309  0.8365  0.8420  0.8434  0.8448  0.8495  0.8597  0.8632  0.8667  0.8700  0.8732  0.8732  0.8732  0.8732  0.8732  0.8732  0.8732  0.8732  0.8732  
0.0510  0.3880  0.4187  0.4494  0.4754  0.4960  0.5589  0.5991  0.6470  0.6617  0.6765  0.6895  0.7024  0.7233  0.7442  0.7507  0.7672  0.7768  0.7865  0.7933  0.8001  0.8094  0.8229  0.8283  0.8338  0.8348  0.8359  0.8412  0.8537  0.8567  0.8597  0.8632  0.8666  0.8666  0.8666  0.8666  0.8666  0.8666  0.8666  0.8666  0.8666  
0.0560  0.3673  0.3969  0.4265  0.4515  0.4734  0.5380  0.5803  0.6297  0.6440  0.6582  0.6736  0.6890  0.7104  0.7318  0.7394  0.7561  0.7665  0.7769  0.7842  0.7916  0.8001  0.8166  0.8216  0.8266  0.8276  0.8286  0.8337  0.8480  0.8506  0.8532  0.8570  0.8608  0.8608  0.8608  0.8608  0.8608  0.8608  0.8608  0.8608  0.8608  
0.0610  0.3492  0.3777  0.4062  0.4303  0.4535  0.5199  0.5639  0.6151  0.6290  0.6429  0.6598  0.6768  0.6989  0.7210  0.7294  0.7469  0.7578  0.7686  0.7763  0.7840  0.7918  0.8109  0.8154  0.8199  0.8214  0.8229  0.8267  0.8426  0.8449  0.8472  0.8514  0.8556  0.8556  0.8556  0.8556  0.8556  0.8556  0.8556  0.8556  0.8556  
0.0660  0.3337  0.3611  0.3885  0.4118  0.4352  0.5042  0.5498  0.6030  0.6170  0.6311  0.6483  0.6655  0.6885  0.7115  0.7207  0.7380  0.7496  0.7612  0.7693  0.7774  0.7845  0.8055  0.8095  0.8136  0.8159  0.8181  0.8208  0.8375  0.8396  0.8417  0.8464  0.8510  0.8510  0.8510  0.8510  0.8510  0.8510  0.8510  0.8510  0.8510  
0.0710  0.3209  0.3470  0.3731  0.3962  0.4182  0.4902  0.5370  0.5923  0.6072  0.6221  0.6386  0.6550  0.6792  0.7035  0.7131  0.7294  0.7419  0.7545  0.7630  0.7715  0.7782  0.8003  0.8041  0.8078  0.8107  0.8137  0.8160  0.8327  0.8347  0.8367  0.8419  0.8470  0.8470  0.8470  0.8470  0.8470  0.8470  0.8470  0.8470  0.8470  
0.0760  0.3100  0.3350  0.3601  0.3834  0.4028  0.4777  0.5248  0.5828  0.5983  0.6138  0.6296  0.6454  0.6709  0.6965  0.7059  0.7213  0.7348  0.7483  0.7574  0.7664  0.7727  0.7955  0.7989  0.8024  0.8060  0.8097  0.8120  0.8283  0.8303  0.8323  0.8379  0.8436  0.8436  0.8436  0.8436  0.8436  0.8436  0.8436  0.8436  0.8436  
0.0810  0.3003  0.3245  0.3488  0.3723  0.3894  0.4660  0.5133  0.5743  0.5901  0.6060  0.6214  0.6368  0.6633  0.6899  0.6992  0.7138  0.7281  0.7424  0.7522  0.7620  0.7681  0.7909  0.7941  0.7974  0.8017  0.8060  0.8084  0.8243  0.8263  0.8284  0.8345  0.8406  0.8406  0.8406  0.8406  0.8406  0.8406  0.8406  0.8406  0.8406  
0.0860  0.2912  0.3149  0.3386  0.3621  0.3783  0.4547  0.5026  0.5664  0.5826  0.5987  0.6139  0.6291  0.6564  0.6837  0.6929  0.7069  0.7218  0.7367  0.7474  0.7582  0.7637  0.7865  0.7898  0.7930  0.7978  0.8027  0.8052  0.8206  0.8228  0.8250  0.8315  0.8381  0.8381  0.8381  0.8381  0.8381  0.8381  0.8381  0.8381  0.8381  
0.0910  0.2825  0.3055  0.3285  0.3528  0.3685  0.4439  0.4928  0.5591  0.5755  0.5920  0.6070  0.6220  0.6499  0.6778  0.6871  0.7009  0.7160  0.7312  0.7430  0.7548  0.7596  0.7824  0.7858  0.7891  0.7944  0.7997  0.8023  0.8172  0.8196  0.8220  0.8289  0.8359  0.8359  0.8359  0.8359  0.8359  0.8359  0.8359  0.8359  0.8359  
0.0960  0.2736  0.2958  0.3179  0.3441  0.3595  0.4337  0.4839  0.5519  0.5688  0.5856  0.6008  0.6160  0.6442  0.6723  0.6818  0.6957  0.7109  0.7262  0.7388  0.7515  0.7558  0.7786  0.7821  0.7857  0.7913  0.7969  0.7998  0.8142  0.8167  0.8192  0.8265  0.8339  0.8339  0.8339  0.8339  0.8339  0.8339  0.8339  0.8339  0.8339  
0.1200  0.2294  0.2497  0.2700  0.2989  0.3241  0.3954  0.4541  0.5183  0.5395  0.5607  0.5801  0.5995  0.6252  0.6509  0.6622  0.6812  0.6958  0.7104  0.7239  0.7373  0.7418  0.7635  0.7684  0.7733  0.7802  0.7872  0.7907  0.8051  0.8069  0.8087  0.8171  0.8254  0.8254  0.8254  0.8254  0.8254  0.8254  0.8254  0.8254  0.8254  
0.1500  0.1736  0.2027  0.2318  0.2595  0.2893  0.3658  0.4295  0.4860  0.5119  0.5378  0.5621  0.5863  0.6100  0.6338  0.6497  0.6696  0.6850  0.7004  0.7120  0.7236  0.7327  0.7517  0.7576  0.7634  0.7718  0.7802  0.7850  0.7985  0.8008  0.8032  0.8103  0.8175  0.8175  0.8175  0.8175  0.8175  0.8175  0.8175  0.8175  0.8175  
0.2000  0.0986  0.1392  0.1797  0.2181  0.2581  0.3283  0.4013  0.4499  0.4799  0.5099  0.5390  0.5680  0.5921  0.6162  0.6369  0.6574  0.6725  0.6876  0.6995  0.7114  0.7234  0.7417  0.7475  0.7534  0.7631  0.7728  0.7797  0.7904  0.7943  0.7983  0.8034  0.8085  0.8085  0.8085  0.8085  0.8085  0.8085  0.8085  0.8085  0.8085  
0.2500  0.0394  0.0909  0.1424  0.1873  0.2355  0.2974  0.3791  0.4209  0.4555  0.4900  0.5217  0.5535  0.5799  0.6062  0.6283  0.6476  0.6621  0.6766  0.6909  0.7051  0.7173  0.7305  0.7389  0.7474  0.7578  0.7681  0.7749  0.7851  0.7894  0.7937  0.7975  0.8013  0.8013  0.8013  0.8013  0.8013  0.8013  0.8013  0.8013  0.8013  
0.3000  0.0210  0.0711  0.1212  0.1689  0.2136  0.2731  0.3608  0.3978  0.4363  0.4748  0.5090  0.5432  0.5711  0.5989  0.6215  0.6396  0.6545  0.6693  0.6852  0.7011  0.7122  0.7202  0.7315  0.7428  0.7534  0.7641  0.7707  0.7816  0.7858  0.7899  0.7927  0.7954  0.7954  0.7954  0.7954  0.7954  0.7954  0.7954  0.7954  0.7954  
0.3500  0.0113  0.0600  0.1086  0.1539  0.1971  0.2541  0.3459  0.3831  0.4243  0.4654  0.5010  0.5367  0.5648  0.5930  0.6164  0.6340  0.6490  0.6639  0.6814  0.6988  0.7084  0.7147  0.7270  0.7393  0.7502  0.7610  0.7668  0.7787  0.7830  0.7873  0.7899  0.7925  0.7925  0.7925  0.7925  0.7925  0.7925  0.7925  0.7925  0.7925  
0.4000  0.0112  0.0555  0.0997  0.1425  0.1848  0.2390  0.3341  0.3721  0.4153  0.4586  0.4950  0.5315  0.5593  0.5872  0.6129  0.6314  0.6454  0.6593  0.6782  0.6971  0.7068  0.7139  0.7253  0.7366  0.7479  0.7593  0.7657  0.7765  0.7810  0.7855  0.7889  0.7924  0.7924  0.7924  0.7924  0.7924  0.7924  0.7924  0.7924  0.7924  
0.4500  0.0111  0.0520  0.0928  0.1337  0.1751  0.2291  0.3245  0.3613  0.4086  0.4558  0.4914  0.5270  0.5544  0.5818  0.6101  0.6298  0.6430  0.6562  0.6760  0.6958  0.7057  0.7134  0.7240  0.7345  0.7464  0.7584  0.7651  0.7758  0.7799  0.7841  0.7882  0.7924  0.7924  0.7924  0.7924  0.7924  0.7924  0.7924  0.7924  0.7924  
0.4990  0.0086  0.0484  0.0881  0.1279  0.1677  0.2232  0.3162  0.3570  0.4060  0.4550  0.4888  0.5227  0.5499  0.5771  0.6086  0.6285  0.6417  0.6550  0.6752  0.6954  0.7053  0.7132  0.7232  0.7331  0.7455  0.7579  0.7649  0.7758  0.7796  0.7834  0.7879  0.7924  0.7924  0.7924  0.7924  0.7924  0.7924  0.7924  0.7924  0.7924  
0.5000  0.0000  0.0000  0.0000  0.0000  0.0000  0.0000  0.0000  0.0000  0.0000  0.0000  0.0000  0.0000  0.0000  0.0000  0.0000  0.0000  0.0000  0.0000  0.0000  0.0000  0.0000  0.0000  0.0000  0.0000  0.0000  0.0000  0.0000  0.0000  0.0000  0.0000  0.0000  0.0000  0.0000  0.0000  0.0000  0.0000  0.0000  0.0000  0.0000  0.0000  
1.0000  0.0000  0.0000  0.0000  0.0000  0.0000  0.0000  0.0000  0.0000  0.0000  0.0000  0.0000  0.0000  0.0000  0.0000  0.0000  0.0000  0.0000  0.0000  0.0000  0.0000  0.0000  0.0000  0.0000  0.0000  0.0000  0.0000  0.0000  0.0000  0.0000  0.0000  0.0000  0.0000  0.0000  0.0000  0.0000  0.0000  0.0000  0.0000  0.0000  0.0000  
